25600649
25425729
25416956
25223608
25161098
25136695
25070738
24850914
24512783
24342548
24269518
24124190
24116108
24043776
23810363
23759037
23741370
23739050
23721177
23644997
23499554
23472073
23371910
23132494
22889411
22761991
22676062
22213098
21805676
21787346
21787339
21787333
21632717
21200090
20949060
20855242
20519934
20360068
20161732
19650845
19541605
19336370
19119597
18646695
18513434
18245229
18204429
18049866
17988392
17785110
17207965
16713569
16364440
16196087
16195890
15640799
15489334
15313462
15158712
12975309
12920053
12874788
12753706
12477932
12409287
11971875
11821380
11788998
11780052
11425234
11251963
11156613
11018263
10675023
9719565
9701818
8805245
7542802
7542800
